4713.3005781690135 0.7323213022196595
4748.330746433687 0.734926032570043
4776.354881045425 0.738247063766782
4797.37298200423 0.7419588045160785
4811.385049310099 0.7454751904890963
4825.397116615968 0.7488613399445949
4849.91823440124 0.7521433001860781
4874.439352186511 0.7470380286993263
4888.45141949238 0.7426099871036744
4902.4634867982495 0.7381819455080224
4930.487621409989 0.7356640395026517
4965.517789674663 0.7363586342627539
4983.032873806998 0.7397447837182525
4993.541924286401 0.7439123522788662
5004.050974765803 0.7480799208394798
5014.560025245205 0.7522474894000934
5041.416487581455 0.7566755309957455
5035.578126204009 0.7595407343811673
5063.602260815748 0.7522474894000934
5077.614328121617 0.7476892112869222
5091.626395427486 0.7430006966562319
5119.6505300392255 0.7400920810983036
5161.686731956834 0.7395711350282269
5203.722933874442 0.7394843106832142
5238.753102139115 0.7378563542142245
5266.777236750854 0.7345353230174855
5301.807405015527 0.7312359979069997
5343.843606933136 0.7288483284191482
5378.87377519781 0.7258745946024603
5413.903943462483 0.7231613338208107
5455.940145380091 0.7224233268882021
5490.970313644764 0.7207302521604528
5518.994448256502 0.7177348122575118
5554.0246165211765 0.7155642036321922
5596.060818438785 0.7143052506295068
5627.58796987699 0.7099640333788676
5658.414517949903 0.7059353837702744
5673.127188621066 0.7056228161282284
5697.648306406338 0.709008965583727
5729.175457844543 0.7112229863815529
5760.70260928275 0.7074461273734969
5781.720710241554 0.7041468022630111
5813.24786167976 0.7011947745325764
5851.7810467709005 0.6981732873261315
5886.811215035574 0.695412273154725
5925.344400126715 0.6923386913412723
5967.3806020443235 0.6892130149208122
6009.416803961932 0.686087338500352
6044.446972226605 0.683547726408728
6072.471106838344 0.6804871682470274
6107.501275103017 0.678229735276695
6149.537477020625 0.6799662221769507
6188.070662111766 0.6785857150912473
6219.597813549972 0.6756684170988179
6244.118931335244 0.6717613215732425
6265.1370322940475 0.6678542260476673
6296.664183732254 0.6644246644196623
6338.700385649862 0.6659875026298925
6380.73658756747 0.6648153739722198
6419.269772658611 0.6623842923118619
6457.802957749752 0.6591717915463888
6499.83915966736 0.6592152037188953
6541.875361584968 0.6604741567215806
6576.905529849642 0.6567190037997777
6611.9356981143155 0.6537886821555963
6653.971900031924 0.6539189186731154
6696.008101949532 0.6532677360855196
6734.541287040673 0.6536323983345732
6766.068438478878 0.6570445950935757
6790.58955626415 0.658303548096261
6808.1046403964865 0.6544398647431922
6822.1167077023565 0.6507932422526552
6836.128775008225 0.6471466197621183
6864.152909619965 0.6434131729265685
6906.189111537573 0.6427619903389726
6944.722296628714 0.6403482735476173
6983.255481719854 0.6385075974333463
7025.2916836374625 0.6411123277837298
7056.818835075668 0.6389417191584101
7077.836936034472 0.6350346236328349
7109.364087472679 0.6315182376598172
7151.400289390287 0.6329074271800217
7186.43045765496 0.6310624098485
7217.957609093166 0.6274809056167227
7256.490794184307 0.6256575943714542
7298.526996101915 0.6251800604738839
7340.563198019523 0.6253102969914031
7372.090349457729 0.6229660396760579
7396.611467243001 0.6196015963068124
7431.641635507674 0.6164108016275927
7473.677837425283 0.6150650242798945
7505.204988863488 0.6183643493903803
7536.732140301694 0.6215334379833469
7568.259291739901 0.6175829302852652
7589.277392698705 0.61367583475969
7620.80454413691 0.6115486383068768
7662.840746054519 0.611244753099332
7697.870914319193 0.6075547184362887
7729.398065757399 0.6039341432492555
7767.931250848539 0.6017808994929386
7809.967452766147 0.5996971152126318
7852.0036546837555 0.5977001552773377
7894.039856601364 0.5987420474174912
7922.063991213103 0.5975265065873121
7936.076058518972 0.5947915397194095
7950.088125824842 0.5917960998164684
7978.11226043658 0.5881494773259315
7992.12432774245 0.5877587677733739
8034.160529660058 0.5913185659188981
8076.1967315776665 0.5916658632989492
8118.232933495274 0.5917960998164684
8160.269135412882 0.5921868093690259
8191.796286851089 0.5882363016709442
8212.814387809893 0.5845896791804073
8244.341539248098 0.5822020096925558
8286.377741165707 0.5816376514499726
8321.407909430382 0.5783817385119933
8352.935060868585 0.5750216363599985
8391.468245959728 0.5724776830511239
8430.001431050867 0.5723127167955997
8468.53461614201 0.575039001229001
8496.558750753748 0.5716094396009961
8510.570818059616 0.5680930536279784
8524.582885365486 0.5645766676549606
8552.607019977226 0.5610168695094364
8594.643221894832 0.5607998086469045
8636.679423812442 0.560192038231815
8678.715625730048 0.5601052138868021
8720.751827647659 0.5610168695094364
8755.781995912332 0.5581299600377614
8790.812164177005 0.554982577531048
8829.345349268146 0.5571531861563676
8855.034139328905 0.5601052138868021
8866.710862083797 0.5650542015525308
8874.884568012221 0.5692651822856509
8881.890601665156 0.5726513317411495
8888.896635318091 0.576037481196648
8895.902668971026 0.5796841036871849
8916.92076992983 0.5827446618488856
8913.417753103362 0.58678199389198
8941.4418877151 0.5777305559243974
8948.447921368035 0.5746048795039371
8955.45395502097 0.5714792030834769
8962.459988673905 0.5683535266630166
8986.280503093883 0.5638212958533493
8990.484123285643 0.5631440659622496
9029.017308376784 0.5665953336765078
9057.041442988524 0.5696558918382084
9089.969801157316 0.5731462305077224
9114.25738448749 0.5734761630187709
9141.11384682374 0.5706977839783618
9176.144015088412 0.5685705875255487
9218.180217006022 0.5693520066306637
9249.707368444228 0.5663565667277226
9270.72546940303 0.5628835929272112
9302.252620841238 0.5598881530242702
9337.28278910591 0.559757916506751
